dh=[    -1.5707963              0              0            0.3              0     -2.3736478      2.1293017;
             0           0.22     -1.5013322              0              0     0.17453293      -2.443461;
             0           0.22      2.0594885              0              0     -2.1991149      2.1642083;
     1.5707963              0       2.565634              0              0   -0.087266463      2.9670597;
             0              0              0            0.1              0     -2.9670597      2.9670597]
