ParametricRobot->BaseType: 1 
DH=[    -1.5707963              0 1.7453293e-008            0.3              0     -2.7052603      2.7052603;
             0           0.22     -1.5013536              0              0     0.61086524      -2.268928;
             0           0.22      2.0754119              0              0      -2.268928       2.268928;
     1.5707963              0      2.5675343              0              0     -2.0943951      2.0943951;
             0              0 3.4906585e-008            0.1              0     -2.9670597      2.9670597]
DYN=[    0.85497336     0.07999859     0.00099908     0.02898741              0              0              0              0              0              0              0              0              0              0              0              0              0              0              0              0;
    0.00023041     0.05659205              0              0              0              0              0              0              0              0              0              0              0              0              0              0              0              0              0              0;
    6.261e-005     0.06016722      0.0529764              0              0              0              0              0              0              0              0              0              0              0              0              0              0              0              0              0;
    0.30489074              0     0.01036024              0     0.00016599     7.164e-005     0.00011467              0         5e-008              0              0              0              0              0              0              0              0              0              0              0;
             0              0              0              0              0              0              0              0              0              0              0              0              0              0              0              0              0              0              0              0]
t0: 0 
tf: 120.000000 
Q0_Qd0=[1.7453293e-008    -1.5013536     2.0754119     2.56753433.4906585e-008            20            20            20            20            20]
Int_Type: 1 
Step_Time: 0.000000 
Gravity=[             0             0             0             0             0          9.81]
Fext=[             0             0             0             0             0             0]
