Q_Qd_Qdd=[1.6223951e-008     -1.5908875       2.167578     -3.7182832  4.055988e-008 4.4644915e-006 -1.1989695e-005 1.1923837e-005 6.5857739e-008 4.4644915e-006   -0.001997968 -0.00036424329  0.00035531484 8.9285048e-006   -0.001997968;
 -0.0015592644     -1.5911758      2.1678593     -3.7182762    -0.00155924  -0.0024993134  -0.0004492095  0.00043814315 1.1066411e-005  -0.0024993134  -0.0020080767  -0.0003353084  0.00032663607 8.6723805e-006  -0.0020080767;
 -0.0062482674     -1.5920106      2.1686734     -3.7182555   -0.006248243  -0.0050157272 -0.00085026069    0.000828514 2.1746809e-005  -0.0050157272  -0.0020255799 -0.00028198652  0.00027393663 8.0499337e-006  -0.0020255799;
  -0.014098582     -1.5933014      2.1699306     -3.7182218   -0.014098558  -0.0075632632  -0.0011541758   0.0011229847 3.1191245e-005  -0.0075632632  -0.0020535564 -0.00018409267  0.00017769648 6.3962428e-006  -0.0020535564;
  -0.025156425      -1.594896      2.1714809     -3.7181775   -0.025156401   -0.010149618  -0.0013104924   0.0012727552 3.7737416e-005   -0.010149618  -0.0020837548 -4.519472e-005 4.2144803e-005 3.0499679e-006  -0.0020837548;
  -0.039472628     -1.5965777      2.1731125     -3.7181275   -0.039472603    -0.01277265  -0.0012671626   0.0012283467 3.8816165e-005    -0.01277265  -0.0021067909  0.00013576586 -0.00013317654 -2.5892674e-006  -0.0021067909;
  -0.057088051     -1.5980639      2.1745517     -3.7180805   -0.057088027   -0.015416595 -0.00097107772  0.00093981385 3.1264247e-005   -0.015416595  -0.0021102506  0.00035900248 -0.00034836588 -1.0636552e-005  -0.0021102506;
  -0.078014116     -1.5990054       2.175462     -3.7180493   -0.078014092   -0.018048277 -0.00036965638  0.00035743204 1.2224784e-005   -0.018048277  -0.0020788873  0.00062288973 -0.00060270106 -2.018862e-005  -0.0020788873;
   -0.10220874     -1.5989881      2.1754453     -3.7180499    -0.10220872   -0.020613814  0.00058614661 -0.00056693881 -1.9207302e-005   -0.020613814  -0.0019953658  0.00092292182 -0.00089421055 -2.8711214e-005  -0.0019953658;
   -0.12954865       -1.59754      2.1740447     -3.7180973    -0.12954863   -0.023036691   0.0019376482  -0.0018780943 -5.9553252e-005   -0.023036691  -0.0018418414   0.0012506433  -0.0012191734 -3.1469858e-005  -0.0018418414;
   -0.15980047     -1.5941439      2.1707501     -3.7181988    -0.15980045   -0.025218417    0.003712755  -0.0036148724 -9.7881946e-005   -0.025218417  -0.0016024937    0.001592818  -0.0015715915 -2.122654e-005  -0.0016024937;
   -0.19259469     -1.5882581      2.1650075     -3.7183421    -0.19259467   -0.027042925   0.0059196932   -0.005807073  -0.0001126196   -0.027042925  -0.0012668862   0.0019314848  -0.0019429819 1.1497093e-005  -0.0012668862;
   -0.22740778     -1.5793447      2.1562324     -3.7184803    -0.22740776   -0.028385633    0.008541467  -0.0084723272 -6.9139213e-005   -0.028385633 -0.00083356076   0.0022450663  -0.0023224008 7.7334573e-005 -0.00083356076;
   -0.26355878     -1.5669044      2.1438267     -3.7185149    -0.26355875   -0.029126827    0.011532359   -0.011613075 8.0716831e-005   -0.029126827 -0.00031284703   0.0025107654  -0.0026968652  0.00018609979 -0.00031284703;
   -0.30022485     -1.5505138      2.1271997     -3.7182785    -0.30022483    -0.02916775    0.014818381    -0.01521449  0.00039611027    -0.02916775  0.00027227758   0.0027081449  -0.0030523674  0.00034422247  0.00027227758;
   -0.33647815     -1.5298585      2.1057905     -3.7175246    -0.33647813   -0.028446133    0.018302721   -0.019243994    0.000941273   -0.028446133  0.00088821627   0.0028229042  -0.0033752059  0.00055230165  0.00088821627;
   -0.37134019      -1.504757      2.0790897     -3.7159254    -0.37134016    -0.02694721    0.021875641   -0.023652505   0.0017768644    -0.02694721   0.0014955688   0.0028498205  -0.0036535125  0.00080369204   0.0014955688;
   -0.40384618     -1.4751694      2.0466592     -3.7130825    -0.40384615   -0.024707212    0.025427272   -0.028377775   0.0029505031   -0.024707212   0.0020556041   0.0027938108  -0.0038786272   0.0010848163   0.0020556041;
   -0.43310822     -1.4411888      2.0081453     -3.7085491    -0.43310819   -0.021808199    0.028860168   -0.033349073   0.0044889052   -0.021808199   0.0025365167   0.0026686048  -0.0040458978   0.0013772929   0.0025365167;
   -0.45836667      -1.403019      1.9632865     -3.7018602    -0.45836665    -0.01836592    0.032098784   -0.038492519   0.0063937354    -0.01836592   0.0029176871    0.002493646  -0.0041549101    0.001661264   0.0029176871;
   -0.47902301     -1.3609419       1.911914     -3.6925648    -0.47902299   -0.014513982    0.035094283   -0.043736348   0.0086420653   -0.014513982   0.0031910738   0.0022901233   -0.004208964   0.0019188406   0.0031910738;
   -0.49465163     -1.3152833      1.8539457      -3.680255     -0.4946516   -0.010388235    0.037824093   -0.049014929    0.011190837   -0.010388235   0.0033598325   0.0020773162   -0.004213971   0.0021366547   0.0033598325;
    -0.5049936     -1.2663816      1.7893767     -3.6645877    -0.50499358  -0.0061144004    0.040287574   -0.054271276    0.013983702  -0.0061144004   0.0034352344   0.0018702035  -0.0041772047   0.0023070011   0.0034352344;
   -0.50993763     -1.2145643      1.7182675     -3.6452958    -0.50993761  -0.0018001493    0.042499601   -0.059457941     0.01695834  -0.0018001493    0.003406597   0.0014932851  -0.0038281381   0.0023348529    0.003406597;
   -0.50949398     -1.1601326      1.6407318     -3.6221918    -0.50949395   0.0024020922    0.044020786   -0.063841621    0.019820834   0.0024020922   0.0032084792  0.00076955151  -0.0028652622   0.0020957106   0.0032084792;
    -0.5039324     -1.1045124      1.5586634     -3.5957437    -0.50393237   0.0062210487     0.04442348   -0.066621096    0.022197616   0.0062210487    0.002842625 7.9153677e-005  -0.0018157337   0.0017365799    0.002842625;
   -0.49394136     -1.0490739      1.4741791     -3.5666978    -0.49394133   0.0095086548    0.044218671   -0.068380955    0.024162284   0.0095086548   0.0024397025 -0.00020461952  -0.0012781325    0.001482752   0.0024397025;
   -0.48016076    -0.99396569       1.387711      -3.535338    -0.48016074    0.012320305    0.043911931   -0.069816428    0.025904496    0.012320305   0.0020859294 -0.00027558968  -0.0010333775   0.0013089671   0.0020859294;
   -0.46314059     -0.9392941       1.299638     -3.5019365    -0.46314057    0.014723478    0.043529696   -0.070964399    0.027434702    0.014723478   0.0017825714 -0.00033053731 -0.00081323575    0.001143773   0.0017825714;
   -0.44335207    -0.88514145         1.2103     -3.4667512    -0.44335204    0.016776734    0.043085588   -0.071849517    0.028763929    0.016776734   0.0015225322 -0.00037875731 -0.00060765116  0.00098640844   0.0015225322;
   -0.42119876    -0.83158013      1.1200142     -3.4300267    -0.42119873    0.018529809    0.042582803   -0.072483527    0.029900723    0.018529809   0.0012990644  -0.0004283084 -0.00040544731  0.00083375567   0.0012990644;
   -0.39702754    -0.77868444      1.0290912     -3.3919994    -0.39702752    0.020024395    0.042014817   -0.072863135    0.030848318    0.020024395   0.0011061719 -0.00048749775 -0.00019265709  0.00068015481   0.0011061719;
   -0.37113777    -0.72654308     0.93785637     -3.3529059    -0.37113775    0.021295238    0.041364059    -0.07296517     0.03160111    0.021295238  0.00093864276 -0.00056671576 5.0280735e-005    0.000516435  0.00093864276;
   -0.34378945    -0.67527429     0.84667829     -3.3129966    -0.34378942    0.022371001    0.040598028   -0.072737433    0.032139405    0.022371001  0.00079198774  -0.0006812704  0.00035363254  0.00032763784  0.00079198774;
   -0.31521027    -0.62504801     0.75601279     -3.2725574    -0.31521024    0.023275208    0.039660883   -0.072081088    0.032420205    0.023275208  0.00066242969 -0.00085668943  0.00076858818 8.8101231e-005  0.00066242969;
