Tau=[-3.2154265e-005 -1.7873917e-006 2.1329411e-006 9.9912439e-011              0              0;
-3.2324428e-005 -1.5938171e-006 1.8940138e-006 1.0041701e-010              0           1.25;
-3.2604749e-005 -1.2359568e-006 1.4568664e-006 1.0129059e-010              0            2.5;
-3.3062166e-005 -5.8033033e-007 6.6012517e-007 1.0268651e-010              0           3.75;
-3.3566732e-005 3.4795266e-007 -4.5726615e-007 1.0419231e-010              0              5;
-3.3978067e-005  1.552976e-006 -1.8952046e-006 1.0533874e-010              0           6.25;
-3.411189e-005  3.030961e-006 -3.6509279e-006 1.0550507e-010              0            7.5;
-3.3742268e-005  4.762884e-006 -5.7164628e-006 1.0392897e-010              0           8.75;
-3.2609711e-005 6.7068567e-006 -8.0766436e-006 9.9743763e-011              0             10;
-3.0438517e-005 8.7905026e-006 -1.0706651e-005 9.2057345e-011              0          11.25;
-2.6964531e-005  1.090504e-005 -1.3569015e-005 8.0078955e-011              0           12.5;
-2.1972906e-005 1.2905261e-005 -1.6612276e-005 6.3287154e-011              0          13.75;
-1.5340276e-005  1.461627e-005 -1.9769942e-005 4.1609515e-011              0             15;
-7.0720938e-006 1.5848686e-005 -2.2960677e-005 1.5563095e-011              0          16.25;
2.6759838e-006  1.642228e-005 -2.6091431e-005 -1.3702657e-011              0           17.5;
1.3603748e-005 1.6192745e-005 -2.9062303e-005 -4.4507379e-011              0          18.75;
  2.53007e-005  1.507618e-005 -3.1773686e-005 -7.4880682e-011              0             20;
3.7302172e-005 1.3064753e-005 -3.4134583e-005 -1.0288584e-010              0          21.25;
4.9152657e-005 1.0228555e-005 -3.6069813e-005 -1.2693258e-010              0           22.5;
6.0459666e-005 6.7045002e-006 -3.7526173e-005 -1.4599015e-010              0          23.75;
7.0927584e-005  2.674658e-006 -3.8475009e-005 -1.5965678e-010              0             25;
8.0366218e-005 -1.6603201e-006 -3.8911243e-005 -1.6809063e-010              0          26.25;
8.8679492e-005 -6.1056996e-006 -3.8850671e-005 -1.7185559e-010              0           27.5;
9.5240266e-005 -1.1650179e-005 -3.6563997e-005 -1.7041119e-010              0          28.75;
 9.749231e-005 -1.9209333e-005 -3.070015e-005 -1.6047915e-010              0             30;
9.3712198e-005 -2.5659037e-005 -2.4754466e-005 -1.4216041e-010              0          31.25;
8.6700006e-005 -2.8084033e-005 -2.1480212e-005 -1.220017e-010              0           32.5;
7.9470223e-005 -2.8311359e-005 -1.950711e-005 -1.0430768e-010              0          33.75;
7.2494889e-005 -2.8159557e-005 -1.7754037e-005 -8.9135343e-011              0             35;
6.5802238e-005 -2.7746183e-005 -1.619503e-005 -7.6129608e-011              0          36.25;
5.9394029e-005 -2.7162585e-005 -1.480507e-005 -6.4952885e-011              0           37.5;
5.3259896e-005 -2.6479424e-005 -1.3559689e-005 -5.5305159e-011              0          38.75;
4.7382191e-005 -2.5751126e-005 -1.2434488e-005 -4.6925632e-011              0             40;
4.1738781e-005 -2.5019187e-005 -1.1404128e-005 -3.9589596e-011              0          41.25;
3.6309942e-005 -2.4315491e-005 -1.0440399e-005 -3.3107875e-011              0           42.5;
3.1079175e-005 -2.3664797e-005 -9.5102296e-006 -2.7319585e-011              0          43.75;
2.6035585e-005 -2.3086596e-005 -8.5750535e-006 -2.2086506e-011              0             45;
2.1178524e-005 -2.2596964e-005 -7.5993295e-006 -1.729041e-011              0          46.25;
1.6509139e-005 -2.2209982e-005 -6.5929772e-006 -1.2827458e-011              0           47.5;
1.1991443e-005 -2.1936183e-005 -5.7094274e-006 -8.6069316e-012              0          48.75;
7.4906192e-006 -2.1773393e-005 -5.2180971e-006 -4.5518135e-012              0             50;
2.8308979e-006 -2.1700466e-005 -5.1066617e-006  -5.91423e-013              0          51.25;
-2.0695239e-006 -2.1698282e-005 -5.1431162e-006 3.3457526e-012              0           52.5;
-7.2062548e-006 -2.1776406e-005 -5.4720994e-006 7.3341999e-012              0          53.75;
-1.2473829e-005 -2.1958306e-005 -6.2484645e-006 1.1455424e-011              0             55;
-1.7752378e-005 -2.2252043e-005 -7.250911e-006 1.5795939e-011              0          56.25;
-2.3024273e-005 -2.2648922e-005 -8.2647518e-006 2.0445149e-011              0           57.5;
-2.8334602e-005 -2.3134309e-005 -9.2441601e-006 2.5500388e-011              0          58.75;
-3.3736004e-005 -2.3691479e-005 -1.0218177e-005 3.1072407e-011              0             60;
-3.9274471e-005 -2.4300718e-005 -1.1228082e-005 3.7290149e-011              0          61.25;
-4.4989684e-005 -2.4937444e-005 -1.2311263e-005 4.4304858e-011              0           62.5;
-5.0917613e-005 -2.5570158e-005 -1.3500285e-005 5.2295251e-011              0          63.75;
-5.7091255e-005 -2.615829e-005 -1.4824839e-005  6.147232e-011              0             65;
-6.3539536e-005 -2.6649168e-005 -1.6313735e-005 7.2083362e-011              0          66.25;
-7.0285487e-005 -2.6974613e-005 -1.7996361e-005 8.4415279e-011              0           67.5;
-7.8698813e-005 -2.5437271e-005 -2.0745938e-005 1.0035672e-010              0          68.75;
-8.7696977e-005 -2.0185588e-005 -2.5853727e-005 1.1890733e-010              0             70;
-9.135734e-005 -1.3875318e-005 -3.1218319e-005 1.3203388e-010              0          71.25;
-8.8188605e-005 -9.5195195e-006 -3.372203e-005 1.3619232e-010              0           72.5;
-8.2196814e-005 -6.2110338e-006 -3.4344109e-005 1.3569102e-010              0          73.75;
-7.5447573e-005 -2.8986417e-006 -3.457847e-005 1.3287871e-010              0             75;
-6.7988935e-005 3.2140837e-007 -3.4397003e-005 1.2737052e-010              0          76.25;
-5.9893483e-005 3.3406783e-006 -3.3784404e-005 1.1886819e-010              0           77.5;
-5.1267512e-005  6.047395e-006 -3.2741136e-005 1.0722585e-010              0          78.75;
-4.225765e-005 8.3375299e-006 -3.1285717e-005  9.251358e-011              0             80;
-3.3052135e-005 1.0126813e-005 -2.945589e-005 7.5062168e-011              0          81.25;
-2.3872483e-005  1.136134e-005 -2.7307672e-005 5.5466554e-011              0           82.5;
-1.4957665e-005 1.2025055e-005 -2.4912427e-005 3.4542581e-011              0          83.75;
-6.5434362e-006  1.214199e-005 -2.2351852e-005 1.3241362e-011              0             85;
 1.161975e-006 1.1772896e-005 -1.9711829e-005 -7.4692952e-012              0          86.25;
7.9995682e-006 1.1006998e-005 -1.7076244e-005 -2.6727655e-011              0           87.5;
1.3873301e-005 9.9505683e-006 -1.4521655e-005 -4.3874743e-011              0          88.75;
1.8754293e-005  8.715052e-006 -1.2113862e-005 -5.8508428e-011              0             90;
2.2675464e-005 7.4065413e-006 -9.9062218e-006 -7.0489008e-011              0          91.25;
2.5718545e-005  6.118092e-006 -7.9394522e-006   -7.9903e-011              0           92.5;
 2.799674e-005 4.9256487e-006 -6.2428757e-006 -8.7000347e-011              0          93.75;
2.9636664e-005 3.8874832e-006 -4.8366883e-006 -9.212252e-011              0             95;
 3.076228e-005 3.0453923e-006 -3.7339018e-006 -9.5635637e-011              0          96.25;
3.1481908e-005 2.4272747e-006 -2.9421905e-006 -9.7875293e-011              0           97.5;
3.1844921e-005 2.0818938e-006 -2.5059007e-006 -9.9012362e-011              0          98.75;
3.2043806e-005 1.8931984e-006 -2.2667143e-006 -9.9606491e-011              0            100]
